4965
4281
4909
7943
768
5168
9348
6437
9220
3812
2488
2847
752
3092
7541
1804
4847
9841
9781
7601
8492
7350
2121
9074
338
2464
1083
3284
8872
4721
4226
8260
1700
9717
9157
1920
8230
270
5615
2527
1716
7140
4942
4769
2502
284
3639
7090
7544
3799
7745
7492
5286
9792
2732
7614
54
8868
9897
5978
3809
8441
5009
3704
4152
4932
2375
5551
3124
9853
1946
5173
7672
3257
7253
6288
9808
3401
522
5650
5840
561
4225
373
8388
2948
5509
8962
1450
9633
115
6358
4800
3376
5024
4204
431
1373
3432
4338
9418
6431
4560
3006
9281
4615
5908
5725
9693
4653
2356
276
5432
5083
1596
2731
5987
3765
8915
617
7178
2638
5887
1005
5265
9600
3913
2314
8193
6813
2270
6759
3508
177
2646
8679
9455
2733
4773
8722
4930
5660
8748
9954
862
8538
1730
9704
6268
9492
9395
7936
3179
9513
8176
6001
8057
6127
8925
3962
6915
6697
3612
289
3145
2444
3751
844
6145
3569
5362
4381
8853
9061
5153
1138
6870
1888
5502
8850
7183
6921
2090
6993
4626
9419
6347
6172
198
4380
1823
5198
2746
2319
5730
6825
6899
2324
2210
8578
1278
3063
5701
8532
1046
5824
3903
7851
4661
930
8942
9544
4007
2042
3266
1376
7446
7221
5385
5054
7169
3685
312
2786
4392
716
4216
1936
4859
4805
9275
4970
1721
1984
202
4662
5020
9933
2234
9451
5608
3652
5782
8270
8268
6807
341
7698
5997
1866
1116
9807
1919
6317
4136
7497
9003
4973
6821
5817
1312
6196
1184
9533
8879
5973
7999
2506
8747
2233
2535
7572
8514
4595
2557
5605
4673
3262
7351
4767
4820
1194
6927
1175
9144
7484
1816
3719
5125
653
2933
6233
8651
195
2835
7341
4398
1168
4997
4030
2302
4098
1094
5109
2538
6070
2852
9735
5723
4573
1520
1859
7358
9396
8297
197
901
3965
1417
1432
6649
6716
8511
762
6827
6610
7951
6349
1111
4196
2445
5823
5669
7213
6328
1793
462
7889
5290
6313
8233
9350
8337
4215
358
4036
6608
6402
7012
2407
1428
2553
7379
5674
130
4504
6339
985
2534
7771
7600
9368
4736
6910
7053
8501
6760
5982
9997
4719
6771
5720
4834
8372
7191
6847
8350
5865
2834
3515
8173
7272
6565
6379
7410
9856
3386
6287
533
4984
7681
6306
5495
1731
1647
1835
6180
4092
9865
6665
5364
4220
4572
4182
5404
1041
3077
4461
1018
4350
5758
7381
6428
3446
787
8586
3512
8597
9194
5457
632
4962
1756
5751
6278
9630
759
1079
3214
4699
371
2972
2684
4663
6470
4896
3289
1787
6749
8837
6316
2866
7036
4407
7155
9291
7845
1089
2578
7342
7709
9359
9570
3705
2372
4641
3806
8820
9098
2062
9345
6281
6874
7352
8582
57
8583
2454
4606
7874
7458
8519
3121
4014
4657
6497
9541
5815
2366
5464
9760
9791
2719
6855
237
5820
4643
2432
9665
4890
96
2741
1409
2844
9788
8020
1105
3361
9537
8291
